32 4
30 31 5 4 13 11 22 26 21
0 0 0 0 0 0 21 24 19
31 28 26 30 31 31 31 30 30
18 14 2 1 2 3 1 3 3
28 16 10 3 23 31 9 6 2
30 15 17 7 13 13 30 20 30
17 30 30 2 30 30 2 14 25
8 23 3 12 20 18 30 17 9
1 20 29 2 2 17 4 3 3
31 1 8 29 9 6 30 9 8
17 28 24 18 18 20 20 30 30
26 28 16 27 25 28 12 30 4
16 13 2 31 30 30 30 30 30
20 20 20 15 30 14 23 30 25
30 30 30 29 31 28 14 24 18
2 2 30 25 17 17 1 16 4
2 2 2 3 4 14 12 16 8
31 30 30 30 31 30 27 30 30
0 0 0 5 0 0 0 13 31
2 20 1 17 30 17 23 23 23
1 1 1 17 30 30 31 31 29
30 14 23 28 23 30 30 30 30
25 27 30 30 25 16 30 30 30
3 26 30 1 2 17 2 2 2
18 18 1 15 17 2 6 2 2
31 26 23 30 31 24 30 29 2
15 6 14 19 20 8 2 20 12
30 30 17 22 30 30 15 6 17
30 17 15 27 28 3 24 18 6
30 30 31 30 30 30 30 27 27
30 30 30 30 30 30 30 30 30
30 30 27 30 31 24 29 28 27
