256 5
123 108 250 123 75 86 205 135 16
25 119 121 117 67 7 83 55 215
182 182 117 67 187 100 182 187 171
219 142 193 85 23 60 41 216 15
120 188 126 79 183 149 231 77 176
136 67 123 47 100 89 47 101 92
222 23 14 121 19 222 121 215 9
4 51 44 51 78 54 18 89 57
236 154 163 168 168 185 162 200 173
26 57 57 64 139 57 139 57 90
206 24 62 111 20 191 18 111 3
197 119 55 232 55 55 56 168 42
101 117 152 174 165 83 138 100 216
104 102 185 218 27 40 118 130 112
198 130 159 53 170 102 190 21 114
28 43 38 109 62 96 17 143 39
207 86 77 103 156 87 10 226 134
72 197 197 154 186 186 135 239 197
238 183 183 109 51 127 248 181 74
177 195 44 53 195 177 177 177 177
122 177 18 171 53 32 51 195 64
177 195 173 249 175 188 226 250 249
223 20 76 64 215 147 124 92 116
113 53 122 44 139 53 122 53 122
139 199 236 57 122 166 113 190 130
137 73 160 13 54 12 97 38 18
238 106 209 139 247 164 206 177 210
15 27 37 27 30 27 37 128 30
145 249 77 98 91 125 40 81 221
114 38 73 41 148 216 72 96 149
69 12 85 77 0 60 107 1 20
130 175 39 102 171 18 208 5 50
249 121 111 180 206 91 194 249 141
122 62 140 45 234 45 49 12 220
0 149 72 38 28 209 111 131 28
83 168 178 122 180 115 91 139 228
121 128 103 117 65 93 130 41 188
56 79 44 78 63 74 66 59 4
181 96 139 110 133 89 82 138 119
97 110 156 119 141 107 89 116 91
171 57 43 19 133 132 97 69 87
126 111 68 131 50 145 79 179 77
169 62 98 107 125 240 0 164 148
243 153 134 144 166 121 104 155 138
203 174 172 251 135 167 199 203 190
5 128 138 80 118 121 104 118 138
29 157 50 152 124 18 102 124 50
118 55 106 101 45 91 73 67 94
100 147 193 99 142 34 145 23 237
9 167 101 76 121 117 118 174 145
119 119 119 44 127 57 213 8 213
200 171 181 143 214 132 129 182 182
243 239 243 243 190 49 190 190 177
251 128 245 197 247 165 210 163 231
137 146 183 184 110 211 230 127 119
62 125 143 241 131 153 79 43 181
161 62 62 68 196 189 222 68 141
156 148 171 211 176 196 226 159 241
100 89 80 29 79 34 39 76 164
254 100 254 79 140 220 140 190 190
89 62 100 89 254 5 29 84 5
112 163 220 104 66 105 108 136 220
158 136 193 100 165 45 142 132 210
219 220 114 220 49 149 105 232 119
164 220 100 243 123 224 160 221 168
63 68 82 49 138 82 76 82 102
99 100 100 100 180 100 180 174 83
105 98 94 70 114 137 73 140 89
139 110 148 215 173 32 113 113 113
95 154 95 122 87 154 123 144 142
97 197 88 146 98 182 92 196 155
112 15 7 65 82 138 80 121 138
201 112 99 105 148 124 197 35 118
141 160 97 93 110 107 173 106 134
125 127 177 156 152 85 160 205 124
59 142 159 52 28 32 33 209 202
62 96 10 45 115 37 106 26 125
19 19 229 229 19 19 19 206 43
236 134 109 95 143 220 197 197 105
132 191 73 254 36 179 111 191 179
72 38 73 0 186 22 66 4 103
71 239 188 45 239 130 12 197 129
38 42 11 29 107 58 68 7 87
72 73 131 73 73 38 66 38 131
132 131 163 115 13 100 186 0 115
72 87 94 101 57 95 68 74 46
245 63 133 33 11 192 114 133 120
121 65 239 224 208 94 60 150 102
121 155 137 182 82 123 130 80 137
172 188 132 212 72 131 172 151 129
163 125 118 185 150 227 237 199 237
127 57 194 168 186 100 164 128 204
104 128 223 176 162 122 53 171 190
89 211 224 182 195 190 195 140 220
111 136 136 23 71 239 224 136 155
250 145 214 193 22 5 239 22 31
181 89 115 129 83 79 105 141 100
169 80 150 127 161 133 151 151 104
78 109 177 215 113 162 195 171 173
84 25 69 130 5 101 47 174 45
22 137 66 131 22 97 88 137 88
70 137 88 160 38 132 74 72 94
23 65 65 34 136 5 71 23 65
112 166 10 20 235 211 23 146 182
24 62 3 59 76 37 2 50 34
76 104 152 128 218 7 104 155 167
201 126 178 119 197 194 154 246 220
109 126 179 197 165 42 153 196 161
168 58 60 116 159 56 209 133 6
217 116 219 137 208 128 138 203 155
152 71 204 183 162 121 202 175 154
177 177 53 113 8 122 57 173 113
95 120 3 14 145 99 113 41 15
214 218 176 130 224 201 222 223 247
71 31 105 105 253 88 136 88 232
131 149 107 101 67 101 117 67 115
164 174 223 199 182 180 199 80 117
141 126 188 13 178 56 62 55 175
69 69 54 97 74 63 12 87 74
156 170 134 240 70 238 148 184 181
245 73 168 54 19 106 245 50 19
64 53 26 64 64 8 26 26 139
236 233 233 209 157 203 242 203 228
209 134 151 46 134 194 31 134 194
161 33 24 130 36 123 145 5 24
159 111 161 174 212 40 130 118 222
118 48 48 207 165 254 92 219 94
173 144 215 139 176 157 196 162 146
13 38 3 84 86 61 30 40 61
147 15 145 147 145 165 145 157 100
76 37 76 80 85 47 112 25 9
193 101 155 140 163 69 121 99 154
125 109 125 78 144 121 119 82 100
149 149 18 18 168 39 39 119 55
187 94 152 187 66 208 187 102 102
81 96 185 81 207 166 234 66 1
7 152 82 102 104 82 82 104 128
138 128 99 82 206 125 117 109 156
43 46 0 37 38 56 0 58 55
218 123 211 204 212 106 233 218 244
66 188 40 188 136 121 196 152 155
152 147 179 165 145 66 108 212 133
62 60 109 71 66 145 27 155 20
237 77 147 124 215 82 148 124 148
182 122 92 215 98 111 23 222 20
128 82 49 65 66 107 101 114 64
31 58 43 148 204 148 26 180 149
43 97 54 78 68 80 84 79 52
187 76 158 95 204 94 190 101 127
143 200 78 183 91 154 110 110 57
115 115 36 40 150 224 115 85 101
174 212 79 47 195 83 181 15 194
20 31 31 41 67 9 41 65 85
193 136 188 198 107 105 150 211 88
170 131 251 198 117 152 201 193 128
25 80 37 7 102 24 37 41 74
89 95 169 174 174 111 212 42 222
83 100 51 40 45 35 37 41 91
13 180 157 142 99 65 115 83 133
55 98 68 121 111 121 121 9 222
194 48 121 139 116 215 253 116 50
129 208 50 117 13 31 141 102 112
243 113 198 113 243 200 230 193 128
101 147 130 158 65 207 188 40 147
149 150 150 172 191 88 115 96 149
88 69 94 101 91 123 72 62 85
25 121 9 174 7 9 25 37 9
65 67 75 35 45 14 41 3 87
164 89 199 199 199 164 79 89 248
131 25 248 108 178 92 134 176 190
149 108 211 161 148 117 162 184 191
214 115 170 157 219 227 222 224 223
82 104 83 143 178 91 143 75 164
215 169 214 211 191 240 209 224 229
115 62 131 14 141 62 28 48 35
115 75 123 208 136 227 47 159 92
15 15 4 162 37 196 64 128 128
228 189 238 236 194 162 154 200 215
122 109 25 215 32 236 215 113 111
123 64 94 159 159 129 87 113 147
38 91 97 150 1 125 22 151 66
179 137 165 120 159 216 158 133 129
129 43 19 137 89 12 70 4 73
156 135 214 170 153 166 181 157 145
187 113 137 187 175 113 119 132 157
56 40 65 67 70 136 55 76 188
128 82 155 138 82 155 104 152 104
146 40 118 114 80 180 49 65 7
83 121 83 128 157 130 76 155 166
40 239 29 165 40 191 161 56 169
204 228 255 218 138 255 204 218 255
228 146 76 100 176 85 85 85 159
55 223 42 55 55 42 223 67 248
72 87 114 62 104 134 127 143 78
189 150 150 216 129 158 254 163 48
253 140 217 232 188 164 221 199 230
28 214 69 102 115 147 119 218 40
167 82 228 155 155 121 121 204 80
82 82 76 101 255 254 122 254 241
189 189 189 172 132 48 158 132 212
240 156 132 239 69 250 136 219 123
75 62 53 80 249 246 15 226 165
254 50 212 200 149 212 226 177 227
8 47 34 13 145 33 37 26 20
86 44 69 39 95 10 39 25 65
231 61 90 160 17 134 242 17 81
200 64 177 195 173 177 243 57 195
13 48 55 130 99 67 48 62 101
165 47 5 60 158 23 40 23 45
80 223 77 83 118 149 83 100 215
73 66 73 43 97 131 43 154 246
114 186 253 143 184 184 62 197 223
141 87 105 74 197 66 137 96 137
187 171 90 163 106 110 178 171 243
126 183 111 15 26 2 64 69 49
183 246 154 110 170 197 246 232 154
84 84 153 96 111 89 73 61 137
179 169 90 23 167 141 168 90 137
61 56 55 20 66 65 0 60 31
171 78 121 17 130 27 118 82 99
37 152 152 228 121 228 203 155 138
27 198 66 176 177 127 187 73 88
173 26 113 26 53 26 139 21 177
134 2 199 148 247 62 131 131 199
64 173 54 93 17 89 35 122 112
214 204 152 203 255 203 255 218 218
128 210 121 45 213 219 164 62 163
79 241 74 123 110 219 42 235 166
15 23 27 37 108 49 16 52 85
190 190 190 190 190 113 225 113 195
173 109 59 177 172 152 65 83 179
166 157 7 239 157 50 239 128 249
121 167 164 182 158 92 207 105 184
129 101 125 2 1 1 77 5 4
71 197 150 105 197 158 239 87 167
155 167 35 30 138 61 251 203 81
182 147 194 122 76 12 190 28 41
38 130 157 132 96 166 39 94 136
138 178 175 145 239 146 175 115 137
104 104 104 82 7 80 102 155 155
146 203 159 140 116 156 152 172 157
152 148 133 227 71 123 128 172 170
235 112 50 36 252 245 99 178 50
182 167 255 182 166 204 228 167 203
167 251 82 220 38 249 219 248 252
19 162 181 156 54 109 129 154 197
110 119 195 195 162 118 226 116 190
174 59 132 105 163 160 145 206 106
179 169 201 191 129 129 125 181 127
32 26 8 78 243 229 234 162 154
192 120 59 2 93 229 144 94 11
22 63 51 158 2 1 116 14 4
53 161 117 51 43 58 21 110 185
138 218 119 166 83 162 104 167 98
41 221 135 217 69 132 33 159 48
29 83 65 29 49 4 22 52 77
